<?xml version="1.0"?>
<opencv_storage>
<CameraMatrix type_id="opencv-matrix">
  <rows>3</rows>
  <cols>3</cols>
  <dt>d</dt>
  <data>
    5.3629838980760678e+02 0. 3.1950000000000000e+02 0.
    5.3644803128618321e+02 2.3950000000000000e+02 0. 0. 1.</data></CameraMatrix>
<DistorsionMatrix type_id="opencv-matrix">
  <rows>1</rows>
  <cols>5</cols>
  <dt>d</dt>
  <data>
    -2.9519610550871933e-01 1.2332733067430374e-01
    1.0785700412026832e-03 -9.9906836576052135e-04
    1.0425127509360671e-02</data></DistorsionMatrix>
</opencv_storage>
