<?xml version="1.0"?>
<opencv_storage>
<CameraMatrix type_id="opencv-matrix">
  <rows>3</rows>
  <cols>3</cols>
  <dt>d</dt>
  <data>
    2.3443511470874014e+03 0. 9.5950000000000000e+02 0.
    2.2054270110482526e+03 5.3950000000000000e+02 0. 0. 1.</data></CameraMatrix>
<DistorsionMatrix type_id="opencv-matrix">
  <rows>1</rows>
  <cols>5</cols>
  <dt>d</dt>
  <data>
    -3.0524898370339526e-01 -1.3806144491994925e+00
    -1.1134013050639571e-02 9.3766971550613143e-03
    2.8097819102458033e+00</data></DistorsionMatrix>
</opencv_storage>
