<?xml version="1.0"?>
<opencv_storage>
<CameraMatrix type_id="opencv-matrix">
  <rows>3</rows>
  <cols>3</cols>
  <dt>d</dt>
  <data>
    1.4888994655770821e+03 0. 9.5950000000000000e+02 0.
    1.4052416560516851e+03 5.3950000000000000e+02 0. 0. 1.</data></CameraMatrix>
<DistorsionMatrix type_id="opencv-matrix">
  <rows>1</rows>
  <cols>5</cols>
  <dt>d</dt>
  <data>
    -8.1098557786672600e-03 -3.3969227754875059e-03
    -1.2259985756195174e-03 3.8214721486509322e-04
    8.9327195654181527e-02</data></DistorsionMatrix>
</opencv_storage>
