<?xml version="1.0"?>
<opencv_storage>
<CameraMatrix type_id="opencv-matrix">
  <rows>3</rows>
  <cols>3</cols>
  <dt>d</dt>
  <data>
    1.6796154210291350e+03 0. 9.5950000000000000e+02 0.
    1.5238533636235138e+03 5.3950000000000000e+02 0. 0. 1.</data></CameraMatrix>
<DistorsionMatrix type_id="opencv-matrix">
  <rows>1</rows>
  <cols>5</cols>
  <dt>d</dt>
  <data>
    -3.6665736119361478e-03 2.1803235332561524e-03
    -6.1468405331010145e-04 2.0962555533703462e-04
    -1.1525524554135499e-01</data></DistorsionMatrix>
</opencv_storage>
