<?xml version="1.0"?>
<opencv_storage>
<CameraMatrix type_id="opencv-matrix">
  <rows>3</rows>
  <cols>3</cols>
  <dt>d</dt>
  <data>
    8.8661452216105554e+03 0. 9.5950000000000000e+02 0.
    8.8657400433999792e+03 5.3950000000000000e+02 0. 0. 1.</data></CameraMatrix>
<DistorsionMatrix type_id="opencv-matrix">
  <rows>1</rows>
  <cols>5</cols>
  <dt>d</dt>
  <data>
    1.2903195072983133e-02 -1.0534263124667477e+01
    2.4247127711886285e-03 -9.1151701949194227e-04
    9.6425642765773125e+02</data></DistorsionMatrix>
</opencv_storage>
