<?xml version="1.0"?>
<opencv_storage>
<Camera_Matrix type_id="opencv-matrix">
  <rows>3</rows>
  <cols>3</cols>
  <dt>d</dt>
  <data>
    2.4535588195863647e+03 0. 9.5950000000000000e+02 0.
    2.4524508956218665e+03 5.9950000000000000e+02 0. 0. 1.</data></Camera_Matrix>
<Distortion type_id="opencv-matrix">
  <rows>5</rows>
  <cols>1</cols>
  <dt>d</dt>
  <data>
    -1.5919205619570201e-01 1.1794853803970418e+00
    -1.2600118641314283e-02 -6.7013371190742903e-03
    -4.4479389581115942e+00</data></Distortion>
<rms>8.9712663486180877e-01</rms>
</opencv_storage>
