<?xml version="1.0"?>
<opencv_storage>
<Camera_Matrix type_id="opencv-matrix">
  <rows>3</rows>
  <cols>3</cols>
  <dt>d</dt>
  <data>
    2.4101131951707066e+03 0. 1.0566140704398813e+03 0.
    2.4084367076718108e+03 7.6871045821467521e+02 0. 0. 1.</data></Camera_Matrix>
<Distortion type_id="opencv-matrix">
  <rows>5</rows>
  <cols>1</cols>
  <dt>d</dt>
  <data>
    -2.0308232033764298e-01 1.2180988800696737e+00
    2.3482426363069069e-03 2.6228199952421892e-03
    -2.8954796936291252e+00</data></Distortion>
<rms>6.6027293048750768e-01</rms>
</opencv_storage>
